1738004582
1784473157
2286908003
1717833412
1314608344
1644114654
1686546714
1656737654
2028810631
1677991972
3881380517
1847582585
1651428902
1420157965
1913382117
1884334303
1734530730
1893278624
1720962692
1700648435
3288875501
1672519561
2034347300
1688864597
2615417307
1191965271
1643971635
1778758223
1216431741
1698823241
1977460817
1644729004
1231759973
1231759973
1315591982
1656831930
1926909715
1699432410
1660452532
1722628512
1267454277
1640601392
2443459455
3921730119
1867571077
1718493627
1653460650
1737737970
2616293707
3271121353
1642591402
1326410461
1645705403
1985593262
1654164742
1638781994
2993049293
1653944045
5977555696
1992613670
1726393244
1216431741
1724367710
1880087643
2827102952
1974808274
1700720163
3164957712
3266943013
2127460165
2083844833
5305757517
2803301701
2656274875
1618051664
1974576991
1642512402
1649173367
1658388624
1697601814
1703371307
1638782947
1402977920
1893801487
2108053230
1649469284
1975995305
2810373291
1749990115
1663937380
1497087080
1652484947
2162541102
2462605080
1650111241
1265998927
1698857957
1887790981
1698233740
3712035812
