1804531244
1854129535
1509681674
1697601814
1991303247
1006550592
1974576991
1693862742
1665681810
1642471052
3811990435
1911380403
3245409302
2760296044
1894002661
1918149512
1459277820
1878352761
2754993620
1750357954
1707668935
1593665761
1569029372
1009515492
1069756437
2841054630
1932326853
1658388624
2734095221
1357093700
2328516855
2599892125
5723483966
1970487033
1865874465
3282453922
1728095842
3900215081
1102939912
1787567623
1682868903
2379459355
2248134120
2191812860
2321615032
1403915120
2879443484
2824640994
3164957712
1912964267
2619406382
3243605871
3495612870
2162541102
3179772931
5860114965
2160856421
1777807805
2625132925
2258727970
1875034341
5221230578
1191965271
2643091105
2311077472
1559383255
1375874785
5044281310
1770545650
2063540952
3854838920
1358776365
1592054367
1917488115
1644510497
1221684892
1216826604
1728148193
1163218074
3120845115
5445362248
2490325853
2746802680
1800611161
2011091570
2707797783
1312070601
1847123567
1684739123
5616210011
1769256423
2473096235
2147458001
3160227432
1436469813
2298297865
1722628512
2285465221
1845864154
1627825392
1962888943
2077946951
2056394313
3266943013
2672976977
1866319581
1642512402
1234865357
2419062270
1639498782
1898885525
1879144275
1319475951
2002969777
2462605080
2517950371
2271158373
1402829437
1968554935
5772274126
1717833412
3823554401
1692677257
1643971635
2899078547
3921730119
1750349192
1885080105
5147921705
1222425514
1663072851
3217459400
1193525177
3114175427
1729014640
1651509992
1807431510
2217106561
1677991972
3928489408
2535267903
1651938303
1642585887
1198220993
1787430513
1959451603
2431328567
1642573811
1663612603
1068246700
2291282781
1088413295
1823630913
1881124713
2074041953
2822771827
2052375657
1736574887
2703250561
1711530911
1747173625
3881380517
3860416827
2295196134
2399301482
1935084477
2616693703
5512476593
2621961660
1776513213
1586531323
3170247223
1801487174
5404625835
2318663200
1767786062
3515267842
1232268345
2322699152
1403841984
2493955444
2369080114
1710546672
2025231343
5144487779
2715361774
1640337222
1729786287
5711070913
1701401324
1540460234
5122654941
1211454962
1644111571
1678548812
1808228624
1663073073
1685336690
2375456772
2841863800
3282992591
2828385242
1405603123
1905687615
3964195632
1649173367
1271366733
1452510270
1750553234
1913382117
1876792387
1224180577
1585623215
1601563722
1925176005
2640433613
2011075080
1956498357
1764828222
5609949025
1683227333
1781395660
2180978342
46664988
3233235603
2499195070
1407132951
1066197297
2175121335
1880087643
1042023490
1896650227
1776830283
1651428902
1708643783
3190081570
2151048333
5464380753
2319088281
2853016445
1263406744
1877509425
1708456194
3951941859
1988800805
1080807495
1876582681
1893892941
2094447647
3314280193
2156075053
1702783184
1762152361
1497340782
3592470455
1656831930
1933922642
1912150611
3182698757
2306405891
1940017475
1796087453
2476121622
2001369965
1855024094
1396715380
1700648435
1932548172
2413774550
1757258093
3949891225
2042904413
3037284894
3543959441
1901692317
5544721911
1288764341
3569165071
1641540265
2251081887
1035933493
2104693617
1319417172
1481638480
1959444680
1245353917
1689041330
2833160521
2836008441
1227004587
2993746481
1940944734
1759622727
1700132950
2263966445
2207241520
5680083419
1923969675
1718699234
2615632951
1253846303
60871758
1887259304
1132833700
1911306251
1151434980
1676526491
1750355192
1898495494
1738004582
1672335485
3205468931
2218301230
1672097180
1768533820
1746067030
2784361770
1722052204
1653603955
1314608344
1725876907
5690608944
5822026157
3727617093
1301904252
1648139574
1744093477
1807715644
1661910033
2027363802
1893278624
2610622521
1496826031
1912234472
1711479641
1652575745
1641598441
3690620080
5540093210
1826017320
2109287495
5545466650
5239863155
1264138094
1908417784
3121195794
1402977920
1802125161
3288875501
2199841250
2799724554
1636148844
2364776142
1703371307
2021654081
2053061043
1641245030
1199218280
1652484947
1192600104
1650304300
1403611582
5696395265
1941807832
1653737714
5195370452
2269710922
1724597844
3271121353
3776659203
1254764477
2458371534
3336646562
2122506831
2458873097
1596329427
1774049692
1082347151
2295630853
3363163410
1750358910
1971861621
5293571386
1330775234
1194208205
1402138343
2200249730
5677121040
1663937380
1325583405
1905673572
1653537950
3574611155
1064519661
1615647574
1806128454
2097152664
1414386174
1739629353
1740522895
5776024380
5144958453
2889942201
1449035817
1656565920
1561015262
1448818504
1662214194
1681435553
1623861397
1641428154
2305514834
3708524475
1851497955
1396927662
1763327612
31082304
1735221154
1235206304
3167104922
1652355141
3298202727
1658988854
2566268397
1277071452
1739171622
1193725273
2772291221
1646174132
2845776900
1254230710
1481944214
1426130800
1885103407
1279746217
2530417354
1591684244
3840768703
1695160765
5747171211
1813124744
1254170035
2707274307
2259661342
1653460650
1844967414
1698233740
1153807700
1960785875
1401427614
2309846073
2004079025
2655343743
1739964112
3546332963
2286908003
1280846847
3167571163
1043424732
1993342070
1904769205
5025454103
1943718134
5298493577
1956700750
1904947977
1890124614
3365993480
1723216063
2868610784
1884334303
1269836580
1642030665
1982753487
1407365952
1864419143
2748597475
1497673554
1926909715
1233914290
2318265821
2616293707
2084561435
5730774425
1323527941
1746575865
1735937570
1992613670
1680304453
1685920342
1234853791
1891366595
1723044845
1799556825
1592773611
2039609421
1411163204
2962345755
1494759712
2174951252
1583026760
1459601980
2803301701
2267310857
1291471320
1745573472
2093964404
3007345023
1750344480
1733879143
1938424152
3562243287
1787535601
5261556444
5361412245
1984895831
1817249447
5662699109
1670421223
5000609535
2833534593
1098736570
3959521319
3790774615
1259295385
1219760062
1649155730
1658725993
1726544024
1368805177
1655109057
3710857535
2713131601
1220291284
2689645383
1581316265
1657914910
1578632883
1197863207
1658719205
1614857442
1644809731
2910176945
3927872435
1408561361
1286356063
1655905590
3490700531
2171471324
5234473891
5814163745
2618638282
1562660494
2583592444
1426926685
5605049038
1575545001
2952435102
1497390470
1730243272
1688383542
2208446650
1664176597
1716439242
1647865744
3749541574
1718493627
1855514017
1667943834
2628470685
2308941133
3103199275
1659643027
3746515625
1987163183
1774057271
2508689930
1340529235
1170273495
1650111241
1993292930
1111619423
1257744315
1649597805
1567309533
1911630795
1737737970
1700087532
1879778060
2791644272
2443459455
2230913455
3641513235
1881379380
1423107687
1764451837
1767961804
1661598840
2140585607
1700720163
3819489057
2418432711
2780297340
2072724293
1223208794
1926920314
87979389
5237400929
2827102952
2360016402
1787920531
2156166350
1891053514
2698146894
1966478617
1300871220
1878956214
2050960644
1111681197
1704103183
1006205227
2000016880
3108778417
1707050721
1812831342
2061032591
1742944894
2620088113
1614354402
2493298722
1287656950
5048846359
1644948230
1712686623
3876334151
1725252714
1736305611
2849964471
2465883883
2619805985
1699540307
1496959004
1395354145
1803570001
1849310480
2868676035
1773554804
1723343590
1856404484
1458470903
3203930743
1050896727
1959182407
1895394815
5224196989
2145650153
1313360064
1708242847
1654815470
1769379434
1036713140
1347626494
2873852167
2391135893
1471260697
2568650372
2043351562
1708763410
1613451640
1571497285
1497087080
2000961721
2875987594
5738537030
2116813703
5122294334
1655114805
1937352914
1337382240
2309731771
1918021250
1799833402
1244589914
5480412715
5624890603
1095240537
5014862797
1827305564
1646430933
5253912890
1702883112
5426587993
2188202475
1400887105
1496896072
1565369860
2670216585
1496814565
3547967310
1872005590
1647688972
1744130551
2458565150
1796217437
2576278033
1598165864
1658335913
1246867914
2656274875
1699432410
1729336827
2079751412
3488440734
1760561273
2397961280
2216791820
5221071004
2087169013
2716593467
1847481772
1649159940
1058106635
1542562761
1955428802
1846816274
3050893364
1502150350
2139359753
5237295433
1805484637
1728892794
1734959391
1649252577
1253686121
2093606665
1607939300
1642482194
5745465721
2385202427
2189790093
1195690375
2685336121
1828887503
1173935352
1660464600
1076684233
3606949911
1362766720
1180860635
1750070171
1618051664
1415636805
2271051770
1221171697
3242792887
1645101450
2103596763
1905997557
2014350933
2356298087
1640601392
2087860665
1496853872
1409194012
1735747402
1786803607
5518797314
2012158321
2332958784
1654159825
1936447173
5139969510
5694463602
2289012140
1284139322
3578910840
2034347300
1885454921
1785219104
2647971081
2377985852
1926641510
1063221964
1496904254
1749785873
2090591961
5836744375
1909253791
1860128420
1749224837
1953723981
1196353170
3283010005
3500233867
1646068663
1750529573
2120159545
1795088725
1374951484
5269486413
1623340585
1506142182
2256231983
1392951763
1738006505
3204131885
2742697740
2883965414
2028810631
1887790981
1047467705
1414148492
1237389341
1493758432
1621894121
2663751563
1687505121
1988645095
1972589043
1803858525
104802
1644114654
2382048061
1708272477
2418542712
1668589317
1650297492
2093659437
1682207150
5338484359
1897416061
2738546443
2161876737
3514316985
2181476170
1660079292
1435723965
1240183873
1956204865
1933460273
5305757517
1734658782
1771563394
1618277630
1355293064
2027773605
2113697401
1050645044
1910495265
1749990115
5718807701
2600101181
2730549204
2537882762
3171944275
3517006027
1177216341
3190887657
5182171545
1768301361
1688053390
1641561812
1702549133
1649470535
2120790153
2056346650
2829130665
1654712513
2053035235
2301762597
3557572480
1997478155
1905628462
3227846251
1890451314
2003290751
1774800467
2280198017
1286056333
5168259491
1824398837
2169318553
2701735195
2635695961
3699643691
3939775562
1477045392
1236392942
3401191764
1907166177
5271487778
1580248061
1830055592
2403016182
1699258907
5285685309
1652811601
2767147954
2104614043
1798653494
1975995305
1969451625
2130055591
1929676450
2366098464
1991123083
1338738570
2423228220
1805395882
1891330474
2873938194
5150774534
2318910945
1867571077
1726918143
1154814715
2105213367
1267527155
2682515640
3937348351
1560956354
31906528
1693073997
1878561790
1677242613
2406560131
1895431523
1642634100
1600463082
1913359465
2359224985
1806503894
3933260674
1228977142
5625068242
3659206143
1679939170
1941260565
3716243842
1736305802
1898268644
5648162302
2002587837
1283906035
1517916214
1420157965
1231759973
3586133980
1761616742
1232121710
2311241274
3558765673
1423320142
1667942985
1420398274
1642088277
2489846930
1684012053
1217985733
1632307961
3072036264
1097386235
2649832880
1998988241
1400768644
1613962150
1577826897
1654134123
1968407017
2303070274
1662766362
1672525895
1787433323
2619081145
2016987494
1684452940
1829870212
1497176560
1217990505
1232004811
2636180571
1215031834
1653689003
1895021965
2014878391
1438622722
1764753511
3229962754
5392590366
1860293774
3204782330
1974808274
1286891293
1400888985
1322308864
2647566747
1744259092
1646051850
2719154041
1830716584
1195190284
2159249065
1224900857
2867993662
1638782947
2355965410
3184744091
1029374230
2490389242
2140415420
2409482243
1940231843
1391783845
3710258141
1496883514
1054096047
3917499594
1862172703
3278256467
1914880192
2571350940
1469329942
2526109982
1025498924
2031805397
1348961327
1927070524
1593933550
3305085281
2302292872
3181366165
1229136784
1488683510
1681029540
1461035420
531080
1758339093
3246646795
1841277325
1644855075
1613005690
3486080964
2144789105
5182575519
1726276573
1652867473
1147307557
1617264814
2462884862
3343337200
2268603763
1778758223
2291429207
1770052191
1497882593
1340564310
2354159892
2557434665
1708922835
1737847545
5530920153
1896006970
1495476261
5745465753
1760327354
2886336191
2495530635
1311446843
1698857957
5888688702
1973743580
5104880035
1974561081
1496846867
5710586189
1465346477
2359359985
1805685140
1659117924
2632236847
3215951873
1410364817
2780163762
1822024244
1653470110
2320711045
1649469284
1231668867
1678194810
1698823241
1792583551
1957276620
3074181393
1929638045
1977460817
2865790754
3214879741
2049128063
2606218210
1662245660
3604378011
1654203637
3514732862
1557605344
1855944863
2810373291
1295323392
2272673835
1655444627
1873341590
1811067361
1734779232
3057540037
2619711941
1829464883
3079645245
2241178215
2608830467
1829303331
3481909831
1709286740
2792675770
1560906700
1914281205
1157403200
1931238691
1510272830
1717696667
1558578472
2549578244
2250707582
3200498577
3201725574
2274567792
1887724290
1854570915
2472331131
1326410461
1784473157
2034868214
1640239893
1827114100
1666109895
1249424622
1774181624
2118120483
1921495471
2154847924
2607440282
1196263745
1496913734
1628291124
1791283533
1414705722
1901447125
1729041671
1419935172
1765891182
1231495077
1688864597
1887344341
1267454277
1720962692
2703547104
5772598187
1893801487
5744012576
1642904381
1751714412
1724367710
1044527073
2129452154
2376534624
1629898120
1641532820
1962926507
2159143697
2423757750
1057144937
1821898647
2895873287
5329116942
1905549057
1801817195
