1618051664
2656274875
1663072851
1642088277
1699540307
1644114654
1323527941
2641686425
1682207150
1867571077
2423228220
3173633817
2553166167
2000016880
1594590224
2129239474
1997478155
1728892794
1677242613
1337206902
2137096053
1275633740
2439292885
2773849587
2040048641
5871622657
2470867943
2120159545
1395622123
2462884862
1856316354
3968739081
5681482843
1656316841
1655544941
1925267785
1579858663
2121182041
3227081164
1808710392
2654613960
1884245222
2212028051
3761691972
1443695634
2879646785
1916733321
1609363251
1428800263
1345928051
3319179455
2003409621
3661521290
1583736325
1638639260
2650384852
2769672932
3185344932
5308717316
1956967221
1686709550
3477612864
1944901333
1702456751
3046436091
2359881384
1751009923
1256812462
2279027971
3063367827
2500952912
5580616179
5122922154
1136596025
1092693321
1833676644
2951791080
1061751571
5550953743
2951596520
2344897390
1256255254
2638467063
5067928839
1052115293
1640474935
1915496625
1367962941
1290181614
1496951012
2683490164
1609982591
1624924121
2121784893
1712236160
2957491970
1568225523
2171335044
3707839924
2109376923
523208
3950652808
2396295340
1088372270
3048772911
1094721752
2093151240
3976351292
1117274233
2659253963
2900693137
2499150472
2156128112
2679324753
2605817894
1214322152
2670225721
5031655341
1435150784
2932971252
1994401541
2447671347
5705479112
1400338617
1748328175
2197762115
3378751670
1106475293
2619235611
1032781303
1400042661
1406315673
1663291955
2980579085
1259403380
1861301122
1653361853
1402580297
3077680162
3126949892
1307109553
2897960960
2256239563
1584775931
2464975063
1017316452
3524715145
3072846697
5284222127
1842309235
2681833541
1750231982
1274237120
1884493130
3316213864
3284093707
1791019975
3969562908
5569766345
5237621240
3099623353
1262091205
3282107502
1844980180
3290738350
5315801346
5250592591
5064221528
5683453751
3655178284
2255719023
1296724362
1814892993
2889710733
5157587953
3246153113
1624026344
1823168977
5862198190
1510279420
1760744265
2553341037
2033460627
5629696302
2506378403
3319292491
1377507002
2673930621
5209707754
5333046149
5175483722
5133883603
3942795775
1302262347
2729570335
5674189405
279128435
3973348748
3740687643
1339078264
1585536173
1407752754
5180095686
1645171235
1447832464
2329081437
1104444872
1312982900
1274046671
2162677364
1309583932
1573260972
3750891292
1320648661
1228869713
2430836834
3004948632
1317650460
3538165627
1296441801
5575158707
1094992740
2678564960
3876323823
3895975447
1296443872
2347135965
1305021507
3977995778
1314156917
5716003177
1304012180
2281933032
1082215240
1339612812
1296615392
1317319565
1339466962
1309278734
2074445124
1608370713
120068
5644648576
5356603018
1316842880
1960912633
3759771141
1405918104
5690870407
1318112151
5767257558
1020177650
1861204342
2450113820
5274923460
1734004332
2311355084
2859157894
1835919051
1335181347
1337281532
5933243030
1110352704
2282547707
2672676143
2799169262
1337943780
3266840612
1804429093
5189935259
1297621227
3295578422
1315714771
1303801065
1312439160
3227702085
5466872108
2610180153
1312749351
3198033990
1998621405
5771721148
1084355932
2755167924
1306571452
2261767500
1283241680
5466544836
1310295857
1299999081
1321237913
3708688691
2438292933
1317617394
1172175424
5876307545
3269102972
5856194343
3472552070
5351478780
5769452395
5854705888
2621855297
1321054272
5673943706
1433239854
1081549202
1966660595
5642082599
1253696135
1670086907
2637236732
1240387345
5813744190
1899511274
1651121130
5706091103
5896221335
3457760552
2349652694
1907783881
1006959731
1590228145
3851375212
1349356084
5618217701
1965614157
1159887383
1770517005
5368475902
2019683765
240734107
5338998006
1253632053
2582458520
5864442876
1355142320
3300814217
3259829975
2910894425
1401291357
5698773063
1280983220
3213143053
1095556661
5372945430
5332816199
5889193054
3912616828
1746547134
5617129782
5528090682
1787194251
3863146759
2620158030
5378374365
5479573579
1784387564
2714412855
5294313875
5784488271
5793268177
5027808810
5184764625
5934227164
3058878945
5903211371
5397613578
5270601594
5894836301
5566679183
5903716971
5868510238
3170715194
1377575985
1102671843
3941290569
5830620904
