1618051664
2803301701
1656831930
2656274875
1642512402
1701401324
2286908003
1649173367
1681029540
1601563722
1784473157
1314608344
1650111241
1652484947
1663072851
1641561812
1642088277
2258727970
1699432410
1699540307
1644114654
1649159940
1893801487
2810373291
1653689003
1267454277
1638782947
5000609535
1644948230
1191965271
1642634100
1323527941
1643971635
1651428902
1730243272
1718493627
2280198017
1926909715
2116813703
3921730119
1653603955
1231759973
1506142182
1697601814
1787920531
1703371307
1653460650
1887790981
5662699109
1641532820
1682207150
1639498782
1724367710
1655444627
1826017320
1904769205
1749990115
1663073073
1960785875
1244589914
1862172703
1497087080
3282992591
2537882762
1974576991
5182575519
1726544024
1708643783
1642482194
1677991972
2443459455
3298202727
1193725273
1821898647
3283010005
1497882593
2616293707
2419062270
1640337222
1895431523
2748597475
1688864597
3305085281
2647566747
1700648435
1222425514
1627825392
1642471052
3951941859
1717833412
2827102952
5182171545
2320711045
2200249730
2853016445
1988800805
2034347300
1702883112
2784361770
1712686623
1867571077
1893892941
1668589317
1737737970
3881380517
1893278624
1884334303
1623340585
3708524475
2302292872
1877509425
1828887503
1746575865
2028810631
2011075080
1698857957
1918021250
1420157965
1800611161
1751714412
2027773605
1974808274
1778758223
2746802680
1722628512
1663937380
1774057271
2309846073
1806503894
2139359753
1497390470
2376534624
2566268397
1824398837
2431328567
1699258907
1956700750
1477045392
1259295385
2356298087
1647688972
1403915120
1704103183
1702549133
1962888943
2738546443
1559383255
1338738570
1642585887
3205468931
1801817195
2423228220
2004079025
1875034341
1280846847
1654134123
1988645095
3160227432
1750553234
1232268345
5150774534
1738004582
1991123083
1592773611
1284139322
3037284894
1895394815
2104693617
2707274307
1750344480
1068246700
3171944275
1684012053
3204782330
1742944894
2952435102
2713131601
3823554401
1340529235
2285465221
2162541102
1913382117
1659643027
1684452940
3547967310
1411163204
1992613670
3182698757
2053061043
5305757517
5044281310
1700087532
1649469284
2418542712
2140585607
1750349192
1895021965
1898885525
1887259304
1879778060
1708763410
1733879143
2208446650
1787535601
1880087643
3562243287
2355965410
3641513235
1685336690
1557605344
1728148193
1726918143
5776024380
1617264814
1901447125
1914880192
1725876907
1740522895
1561015262
2274567792
1872005590
2087169013
3840768703
1698233740
2093659437
1898495494
2272673835
1006550592
1362766720
5261556444
1855024094
1799833402
2418432711
1689041330
1729014640
3900215081
1395354145
2043351562
1864419143
1749224837
1807715644
3170247223
1993292930
1709286740
5104880035
1659117924
1796217437
5426587993
1414386174
3167571163
1080807495
1738006505
1684739123
1649252577
2458873097
1750070171
1723216063
3917499594
1801487174
1649597805
5237400929
3546332963
1596329427
1571497285
2122506831
1885454921
5745465753
1803858525
2318663200
2535267903
3514732862
1647865744
1649470535
3167104922
1658388624
1746067030
1644510497
3057540037
1198220993
1035933493
2670216585
3120845115
1805685140
2822771827
2716593467
1267527155
1400768644
2079751412
2600101181
1650304300
2643091105
1735221154
2620088113
2767147954
1811067361
2889942201
1044527073
2868676035
1744259092
1744093477
2154847924
2259661342
2074041953
2879443484
1409194012
1975995305
1896650227
1923969675
1357093700
1672097180
1237389341
1646068663
1076684233
1254230710
2011091570
1962926507
1391783845
2306405891
1400887105
1613005690
1481944214
1911630795
3860416827
1896006970
1891366595
3201725574
1935084477
1648139574
2682515640
3363163410
1891330474
2271051770
1787433323
3517006027
5147921705
1914281205
3557572480
2002969777
2476121622
2616693703
5745465721
1420398274
1708242847
1670421223
1657914910
2105213367
3592470455
2406560131
3203930743
1904947977
2311077472
2191812860
1931238691
2647971081
1739964112
1807431510
2409482243
1340564310
1676526491
2391135893
3604378011
1959182407
1654159825
1736305802
2557434665
1909253791
3242792887
2049128063
1496913734
1235206304
3578910840
1494759712
2495530635
2780163762
2377985852
1796087453
3710857535
3927872435
1776830283
2159143697
1750355192
2375456772
1224180577
2104614043
1664176597
1632307961
1618277630
2056394313
2608830467
1735747402
1926641510
1708922835
5221230578
1644855075
1805484637
2883965414
1646174132
1854570915
1688383542
2319088281
3811990435
1663612603
1640239893
1672525895
3245409302
1678194810
1717696667
3164957712
2849964471
2171471324
2056346650
1151434980
2583592444
1764828222
1860293774
1224900857
2760296044
1193525177
1658335913
1392951763
1890451314
1908417784
1798653494
3690620080
1764451837
2663751563
1969451625
2517950371
5648162302
5860114965
1774800467
1655905590
3079645245
3928489408
3181366165
1912234472
2000016880
2599892125
1724597844
1264138094
2027363802
1830055592
3949891225
1959444680
2130055591
3716243842
1654815470
2145650153
3271121353
1760561273
1111619423
2568650372
1641245030
3939775562
3543959441
2873938194
1452510270
1623861397
1929676450
3514316985
2632236847
1878956214
2472331131
5747171211
1736574887
2360016402
1708272477
2399301482
1319475951
1891053514
1747173625
2792675770
1763327612
1968554935
1905628462
3227846251
1929638045
2188202475
5730774425
2199841250
1898268644
2836008441
1288764341
2000961721
3343337200
2499195070
1856404484
1066197297
1787430513
1968407017
1402138343
1058106635
1496846867
1844967414
2489846930
1660079292
2359224985
1279746217
3488440734
2256231983
1618051664
2803301701
1656831930
3200498577
2656274875
1642512402
2286908003
1649173367
1784473157
1314608344
1650111241
2328516855
1663072851
1642088277
1699432410
1699540307
1644114654
2810373291
1653689003
1267454277
1638782947
1644948230
1191965271
1642634100
1323527941
1249424622
1651428902
1718493627
1926909715
1640601392
2318910945
3921730119
1653603955
1231759973
1642904381
1697601814
1787920531
1496814565
2615632951
1703371307
1653460650
1887790981
1682207150
1720962692
1655444627
1749990115
1663073073
1960785875
1326410461
1497087080
1698823241
2090591961
1974576991
1646051850
1700720163
1642482194
1236392942
1677991972
3298202727
1193725273
1497882593
2616293707
1649155730
1640337222
2748597475
1662214194
1688864597
1228977142
3746515625
3288875501
1700648435
1402977920
1627825392
1656565920
1876792387
1717833412
5182171545
2320711045
1223208794
3937348351
2200249730
1301904252
2853016445
1988800805
1735937570
1668589317
1737737970
3881380517
2875987594
1884334303
1286891293
2698146894
2230913455
1877509425
1746575865
2028810631
2011075080
1918021250
1420157965
1163218074
2423757750
1774181624
1751714412
2027773605
1974808274
3515267842
1722628512
1663937380
1774057271
1806503894
2376534624
1977460817
1396715380
1645101450
1095240537
1704103183
1702549133
1577826897
1559383255
1338738570
3205468931
1801817195
1875034341
1280846847
1654134123
1988645095
3266943013
1232268345
1738004582
1991123083
3037284894
2104693617
1684012053
1940017475
3114175427
3823554401
1672335485
1340529235
1232121710
2162541102
1913382117
5305757517
5044281310
1649469284
1887259304
1879778060
1806128454
5269486413
1912964267
1102939912
2298297865
1726918143
1901447125
1740522895
1561015262
1851497955
1029374230
2087169013
1661598840
3840768703
2097152664
1898495494
2272673835
1855024094
2418432711
1729014640
2618638282
1864419143
1749224837
1807715644
1709286740
1905673572
1580248061
1215031834
3167571163
1649252577
1263406744
1233914290
1982753487
2865790754
5239863155
3917499594
2014350933
1649597805
3546332963
1227004587
1885454921
1649470535
1216826604
3167104922
1658388624
1054096047
1746067030
1737847545
1254764477
1198220993
3120845115
2716593467
1400768644
1973743580
2295196134
2620088113
2767147954
2093606665
1593933550
1044527073
2868676035
1744259092
2879443484
1975995305
1823630913
5221071004
1896650227
1237389341
1646068663
2321615032
1391783845
2306405891
5530920153
1613005690
2364776142
1911630795
3860416827
1891366595
1736305611
3363163410
3569165071
2271051770
2655343743
1918149512
2476121622
1711479641
1420398274
1670421223
2105213367
1904947977
1972589043
2191812860
1931238691
1760327354
2647971081
1768533820
1509681674
2409482243
3604378011
1723044845
3242792887
1459277820
1803570001
1750358910
1667942985
1494759712
2495530635
2606218210
3314280193
1496853872
1796087453
3710857535
2742697740
87979389
1664176597
1735747402
1926641510
1708922835
1458470903
3365993480
1644855075
1368805177
1646174132
1971861621
2962345755
1663612603
1887344341
1734658782
1154814715
3074181393
3164957712
2849964471
1036713140
2462605080
1722052204
1860293774
2760296044
1408561361
1908417784
1710546672
1774800467
3079645245
1006205227
1759622727
1565369860
2000016880
1761616742
3190081570
1264138094
1725252714
1047467705
1629898120
3716243842
1917488115
2493955444
1750357954
2382048061
1111619423
2568650372
1641245030
2014878391
1718699234
2632236847
1736574887
2077946951
1405603123
1319475951
1291471320
2910176945
1968554935
5518797314
5730774425
2199841250
1898268644
1288764341
2000961721
2025231343
2499195070
1066197297
1402138343
2489846930
2180978342
3488440734
1313360064
1911306251
2829130665
1211454962
1813124744
1910495265
2458565150
1254170035
1777807805
1414148492
1436469813
3933260674
1658988854
5404625835
1723343590
3401191764
1253686121
1654203637
1993342070
1912150611
3184744091
1636148844
1287656950
1865874465
1655109057
3246646795
3710258141
1403611582
1729041671
31906528
2129452154
1795088725
1682868903
1998988241
1879144275
3964195632
5237295433
2772291221
2490325853
5122654941
1847123567
2094447647
2625132925
3278256467
1170273495
2093964404
1894002661
1956204865
3217459400
1749785873
2730549204
1726276573
3229962754
2159249065
1770545650
2268603763
1791283533
1829464883
1050896727
5512476593
3727617093
2701735195
5234473891
2780297340
3790774615
1787567623
2526109982
1240183873
1180860635
1592054367
2002587837
1926920314
1959451603
1907166177
1855514017
2508689930
1878561790
1768301361
5271487778
5224196989
2311241274
1542562761
1497340782
1449035817
2216791820
2016987494
2707797783
1728095842
2309731771
1932326853
5392590366
2063540952
1905549057
2791644272
5048846359
2672976977
2301762597
5014862797
2873852167
1966478617
1613451640
1765891182
1435723965
1407132951
2649832880
5710586189
3495612870
1111681197
3659206143
5329116942
3282453922
2021654081
1082347151
1195190284
3072036264
1956498357
1496883514
1873341590
2217106561
1650297492
1885103407
1845864154
1997478155
1758339093
1653537950
1613962150
1711530911
2003290751
1496896072
2354159892
2824640994
1488683510
1734779232
1497673554
31082304
1881379380
1762152361
2308941133
2118120483
1560956354
2619711941
5545466650
1764753511
1607939300
1651509992
1911380403
2034868214
1913359465
2318265821
2549578244
3876334151
1396927662
5253912890
1681435553
2689645383
2413774550
2530417354
1940944734
1277071452
2685336121
1728892794
1598165864
1641540265
1677242613
1692677257
1221171697
2621961660
1767961804
1419935172
1157403200
1614857442
1618051664
2803301701
2286908003
1642088277
1699540307
1644114654
1644948230
1642634100
1651428902
1220291284
1926909715
1640601392
2318910945
1653603955
1506142182
1496814565
1703371307
1653460650
1662766362
1639498782
1749990115
1698823241
1974576991
1642482194
2443459455
1497882593
1649155730
2748597475
1662214194
1228977142
1642030665
1700648435
1745573472
1717833412
5182171545
2320711045
3937348351
2853016445
1854129535
1737737970
3881380517
1746575865
2028810631
3574611155
1751714412
2027773605
1974808274
1663937380
1645101450
1577826897
1801817195
1232268345
3037284894
1684012053
2267310857
1940017475
3114175427
2162541102
1913382117
5044281310
1649469284
2140585607
1895021965
1898885525
1912964267
2841054630
2715361774
1497176560
1561015262
2274567792
2087169013
1898495494
2272673835
1855024094
2359359985
1197863207
1215031834
3167571163
1652867473
1300871220
1233914290
2833534593
1860128420
3546332963
1885454921
1054096047
1746067030
1358776365
2156166350
2767147954
1823630913
1646068663
3363163410
1904947977
2409482243
2845776900
1494759712
2109287495
1829870212
2369080114
1735747402
1926641510
1663612603
1887344341
1687505121
1734658782
3164957712
2849964471
1036713140
2760296044
1465346477
5285685309
2663751563
1655905590
1724597844
1890124614
1925176005
1750357954
1111619423
1641245030
2632236847
1927070524
1829303331
1786803607
1291471320
2305514834
5730774425
1898268644
1517916214
1666109895
1254170035
2867993662
1496959004
1654203637
1912150611
1641428154
1560906700
1887724290
2012158321
2332958784
1621894121
5609949025
1585623215
3217459400
3215951873
3229962754
2268603763
5544721911
5234473891
3790774615
2263966445
2002587837
1907166177
1827114100
1984895831
1652811601
2140415420
1769379434
1257744315
5710586189
1111681197
1414705722
1702783184
1082347151
1195190284
1496883514
1650297492
1808228624
1221684892
1776513213
1845864154
1219760062
1347626494
2289012140
1846816274
2001369965
2042904413
2308941133
2366098464
5545466650
3500233867
2034868214
2607440282
2619081145
1681435553
1652355141
1177216341
1683227333
1221171697
1415636805
1750529573
1707668935
1661910033
1774049692
2576278033
2799724554
2031805397
3558765673
5480412715
1792583551
3959521319
1767786062
5168259491
1957276620
1569029372
2886336191
1943718134
1901692317
5144958453
2175121335
3050893364
2072724293
2248134120
1355293064
3243605871
1729336827
1827305564
2899078547
1729786287
1050645044
1253846303
1614354402
1769256423
1481638480
3121195794
1461035420
1558578472
2269710922
2635695961
1734959391
3204131885
2113697401
1641598441
1658719205
1866319581
2397961280
1739629353
3749541574
1234853791
2636180571
1955428802
1495476261
3481909831
1009515492
5293571386
2610622521
1407365952
1322308864
1426130800
1644809731
2052375657
5361412245
3606949911
2147458001
5723483966
1652575745
2189790093
3776659203
1938424152
5298493577
1646430933
2120790153
1679939170
2291429207
104802
1132833700
1680304453
1830716584
2161876737
3854838920
5696395265
1196353170
1192600104
1933922642
1974561081
1905687615
1330775234
2403016182
3103199275
1841277325
5616210011
2174951252
3108778417
2084561435
5711070913
1502150350
1799556825
2619805985
1665681810
3336646562
1773554804
1286356063
5744012576
1199218280
5772274126
2291282781
1583026760
5690608944
3179772931
2828385242
1847481772
2465883883
1375874785
1567309533
1246867914
1812831342
1196263745
1562660494
1217990505
3190887657
1897416061
5144487779
1921495471
1658725993
1423320142
2156075053
1651938303
2458371534
1063221964
2207241520
1744130551
3490700531
1493758432
2050960644
1423107687
1716439242
2473096235
1822024244
46664988
2571350940
3007345023
1098736570
3233235603
1941807832
1642573811
1693862742
2120159545
2144789105
2271158373
1025498924
1496826031
1707050721
2160856421
1426926685
2703547104
5122294334
1271366733
1653737714
3819489057
1805395882
1757258093
1700132950
1933460273
1781395660
1644111571
1540460234
1987163183
2379459355
5738537030
5338484359
2462884862
1496904254
60871758
1312070601
1438622722
2295630853
2039609421
1770052191
5625068242
1042023490
1654712513
1097386235
2719154041
1234865357
1878352761
1940231843
1653470110
5772598187
1088413295
5680083419
1337382240
1881124713
1374951484
1057144937
2754993620
1660464600
5677121040
1855944863
2053035235
1401427614
2218301230
2151048333
2895873287
1195690375
2841863800
1064519661
5540093210
2640433613
1849310480
1991303247
1229136784
1069756437
1941260565
1231668867
1693073997
1695160765
1459601980
5822026157
1936447173
3586133980
1410364817
2250707582
1937352914
1662245660
531080
2628470685
2103596763
1708456194
5888688702
1885080105
5195370452
2868610784
1575545001
1311446843
2181476170
5694463602
1510272830
1905997557
1578632883
2087860665
5464380753
2833160521
1876582681
1173935352
1319417172
1400888985
1348961327
2061032591
5624890603
1667943834
2241178215
1771563394
5814163745
1678548812
1804531244
5836744375
2251081887
2322699152
2619406382
1628291124
1785219104
1283906035
2703250561
1153807700
1655114805
1600463082
2734095221
1581316265
2493298722
1403841984
1448818504
5445362248
3699643691
1469329942
2303070274
1043424732
1286056333
1471260697
1232004811
2993746481
1217985733
2385202427
3486080964
1245353917
1593665761
1615647574
1953723981
5139969510
1685920342
1295323392
2490389242
1591684244
5025454103
1739171622
2169318553
1231495077
1194208205
5718807701
1147307557
1269836580
1932548172
3214879741
1817249447
1970487033
1586531323
1325583405
1688053390
5605049038
1402829437
1802125161
